 2004   0.37   0.31   0.23   0.17   0.17   0.28   0.47   0.64   0.70   0.67   0.66   0.69
 2005   0.64   0.58   0.45   0.43   0.29   0.11  -0.06  -0.14  -0.11  -0.29  -0.57  -0.84
 2006  -0.85  -0.77  -0.57  -0.37  -0.14  -0.03   0.10   0.30   0.54   0.77   0.94   0.94
 2007   0.66   0.22  -0.12  -0.32  -0.38  -0.47  -0.56  -0.81  -1.07  -1.34  -1.50  -1.60
 2008  -1.64  -1.52  -1.29  -1.01  -0.84  -0.61  -0.37  -0.23  -0.24  -0.35  -0.55  -0.73
 2009  -0.85  -0.79  -0.61  -0.33   0.01   0.28   0.45   0.58   0.71   1.01   1.36   1.56
 2010   1.50   1.22   0.84   0.35  -0.17  -0.66  -1.05  -1.35  -1.56  -1.64  -1.64  -1.59
 2011  -1.42  -1.19  -0.93  -0.73  -0.55  -0.44  -0.48  -0.62  -0.83  -1.01  -1.09  -1.04
 2012  -0.86  -0.72  -0.59  -0.47  -0.26  -0.01   0.25   0.37   0.37   0.27   0.05  -0.21
 2013  -0.43  -0.43  -0.34  -0.30  -0.36  -0.41  -0.40  -0.32  -0.26  -0.18  -0.17  -0.27
 2014  -0.42  -0.46  -0.27   0.04   0.21   0.16   0.05   0.07   0.23   0.49   0.64   0.66
 2015   0.55   0.47   0.53   0.70   0.93   1.18   1.52   1.86   2.16   2.42   2.57   2.64
 2016   2.48   2.14   1.58   0.94   0.39  -0.07  -0.36  -0.54  -0.63  -0.69  -0.67  -0.56
 2017  -0.34  -0.16   0.05   0.20   0.30   0.31   0.14  -0.11  -0.38  -0.65  -0.84  -0.97
 2018  -0.92  -0.85  -0.70  -0.50  -0.22  -0.01   0.09   0.23   0.49   0.76   0.90   0.81
 2019   0.75   0.72   0.71   0.66   0.54   0.45   0.28   0.14   0.19   0.35   0.51   0.55
 2020   0.50   0.48   0.40   0.19  -0.08  -0.30  -0.41  -0.57  -0.89  -1.17  -1.27  -1.19
 2021  -1.05  -0.93  -0.84  -0.66  -0.48  -0.38  -0.40  -0.49  -0.67  -0.81  -0.98  -0.98
 2022  -0.97  -0.93  -0.99  -1.06  -0.99  -0.85  -0.81  -0.91  -1.01  -0.99  -0.92  -0.83
 2023  -0.68  -0.43  -0.15   0.16   0.48   0.77   1.07   1.32   1.56   1.78   1.92   1.95

